5 6 7
79,0 79,1 2,1 63,1 39,1 62,0 44,0 
5,1 57,1 85,1 39,0 54,0 18,1 13,0 
39,0 16,1 34,1 53,1 30,1 5,0 24,1 
55,1 82,1 97,1 60,0 16,0 95,1 5,0 
86,1 49,1 30,1 15,0 11,0 2,0 7,0 
24,1 7,0 14,1 82,0 52,1 12,0 43,1 
25,0 82,0 49,1 79,0 57,1 55,0 3,1 
13,0 43,1 85,0 93,0 27,0 43,0 55,1 
45,0 92,0 72,1 43,1 29,1 71,1 54,0 
61,1 90,1 10,1 29,0 44,0 33,1 22,0 
84,1 38,0 59,1 1,0 100,0 67,0 91,0 
24,1 24,0 23,1 39,1 30,1 53,0 27,0 
70,0 72,0 32,0 87,0 84,0 54,1 93,1 
13,0 41,1 89,1 15,0 3,1 17,1 35,0 
11,1 37,1 66,0 17,0 38,1 47,1 19,0 
51,1 40,1 71,1 79,0 51,0 29,0 10,1 
42,0 4,0 5,0 18,1 56,1 9,0 38,1 
81,0 68,0 55,0 5,1 19,0 97,1 31,0 
50,0 99,0 81,1 62,1 4,1 55,0 72,1 
30,0 12,0 96,1 70,0 22,1 93,1 70,1 
17,0 27,1 81,1 11,0 78,1 97,1 96,1 
80,1 39,0 7,1 12,1 56,0 8,0 2,0 
88,1 99,1 85,0 20,0 93,1 11,1 13,0 
6,0 33,0 2,0 28,1 14,0 65,0 78,1 
64,0 88,0 50,0 42,1 7,0 46,1 27,0 
12,0 80,0 36,1 97,0 70,1 76,0 61,1 
69,0 73,0 21,0 40,0 59,0 7,1 64,0 
19,1 70,0 5,1 26,0 68,0 4,1 67,0 
55,0 70,1 5,0 27,0 80,0 62,1 59,0 
21,1 5,0 36,0 12,0 65,0 61,0 76,0 
