5 6 7
79,1 79,1 63,1 62,1 44,1 39,1 2,1 
85,1 57,1 54,1 39,1 18,1 13,1 5,1 
53,1 39,1 34,1 30,1 24,1 16,1 5,1 
97,1 95,1 82,1 60,1 55,1 16,1 5,1 
86,1 49,1 30,1 15,1 11,1 7,1 2,1 
82,1 52,1 43,1 24,1 14,1 12,1 7,1 
82,1 79,1 57,1 55,1 49,1 25,1 3,1 
13,0 27,0 43,0 43,0 55,0 85,0 93,0 
29,0 43,0 45,0 54,0 71,0 72,0 92,0 
10,0 22,0 29,0 33,0 44,0 61,0 90,0 
1,0 38,0 59,0 67,0 84,0 91,0 100,0 
53,1 39,1 30,1 27,1 24,1 24,1 23,1 
93,1 87,1 84,1 72,1 70,1 54,1 32,1 
3,0 13,0 15,0 17,0 35,0 41,0 89,0 
11,0 17,0 19,0 37,0 38,0 47,0 66,0 
10,0 29,0 40,0 51,0 51,0 71,0 79,0 
4,0 5,0 9,0 18,0 38,0 42,0 56,0 
97,1 81,1 68,1 55,1 31,1 19,1 5,1 
99,1 81,1 72,1 62,1 55,1 50,1 4,1 
12,0 22,0 30,0 70,0 70,0 93,0 96,0 
11,0 17,0 27,0 78,0 81,0 96,0 97,0 
2,0 7,0 8,0 12,0 39,0 56,0 80,0 
11,0 13,0 20,0 85,0 88,0 93,0 99,0 
78,1 65,1 33,1 28,1 14,1 6,1 2,1 
88,1 64,1 50,1 46,1 42,1 27,1 7,1 
97,1 80,1 76,1 70,1 61,1 36,1 12,1 
73,1 69,1 64,1 59,1 40,1 21,1 7,1 
70,1 68,1 67,1 26,1 19,1 5,1 4,1 
80,1 70,1 62,1 59,1 55,1 27,1 5,1 
76,1 65,1 61,1 36,1 21,1 12,1 5,1 
